sampleID	isIncluded	subjectID	measurementID	perturbID	exptblock	intv	intv2
sample0	1	0	0.0	0	1	-1	-1
sample1	1	0	1.0	0	1	-1	-1
sample2	1	0	2.0	0	1	-1	-1
sample3	1	0	3.0	0	1	-1	-1
sample4	1	0	4.0	0	1	-1	-1
sample5	1	0	5.0	0	1	-1	-1
sample6	1	0	6.0	0	1	-1	-1
sample7	1	0	7.0	0	1	-1	-1
sample8	1	0	8.0	0	1	-1	-1
sample9	1	0	9.0	0	1	-1	-1
sample10	1	0	10.0	0	1	-1	-1
sample11	1	0	11.0	0	1	-1	-1
sample12	1	0	12.0	0	1	-1	-1
sample13	1	0	13.0	0	1	-1	-1
sample14	1	0	14.0	0	1	-1	-1
sample15	1	0	15.0	0	1	-1	-1
sample16	1	0	16.0	0	1	-1	-1
sample17	1	0	17.0	0	1	-1	-1
sample18	1	0	18.0	0	1	-1	-1
sample19	1	0	19.0	0	1	-1	-1
sample20	1	0	20.0	0	1	-1	-1
sample21	1	0	21.0	0	1	-1	-1
sample22	1	0	22.0	0	1	-1	-1
sample23	1	0	23.0	0	1	-1	-1
sample24	1	0	24.0	0	1	-1	-1
sample25	1	0	25.0	0	1	-1	-1
sample26	1	0	26.0	0	1	-1	-1
sample27	1	0	27.0	0	1	-1	-1
sample28	1	0	28.0	0	1	-1	-1
sample29	1	0	29.0	0	1	-1	-1
sample30	1	0	30.0	0	1	-1	-1
sample31	1	0	31.0	0	1	-1	-1
sample32	1	0	32.0	0	1	-1	-1
sample33	1	0	33.0	0	1	-1	-1
sample34	1	0	34.0	0	1	-1	-1
sample35	1	0	35.0	0	1	-1	-1
sample36	1	0	36.0	0	1	-1	-1
sample37	1	0	37.0	0	1	-1	-1
sample38	1	0	38.0	0	1	-1	-1
sample39	1	0	39.0	0	1	-1	-1
sample40	1	0	40.0	0	1	-1	-1
sample41	1	0	41.0	0	1	-1	-1
sample42	1	0	42.0	0	1	-1	-1
sample43	1	0	43.0	0	1	-1	-1
sample44	1	0	44.0	0	1	-1	-1
sample45	1	0	45.0	0	1	-1	-1
sample46	1	0	46.0	0	1	-1	-1
sample47	1	0	47.0	0	1	-1	-1
sample48	1	0	48.0	0	1	-1	-1
sample49	1	0	49.0	0	1	-1	-1
sample50	1	0	50.0	0	1	-1	-1
sample51	1	0	51.0	0	1	-1	-1
sample52	1	0	52.0	0	1	-1	-1
sample53	1	0	53.0	0	1	-1	-1
sample54	1	0	54.0	0	1	-1	-1
sample55	1	0	55.0	0	1	-1	-1
sample56	1	0	56.0	0	1	-1	-1
sample57	1	0	57.0	0	1	-1	-1
sample58	1	0	58.0	0	1	-1	-1
sample59	1	0	59.0	0	1	-1	-1
sample60	1	0	60.0	0	1	-1	-1
sample61	1	0	61.0	0	1	-1	-1
sample62	1	0	62.0	0	1	-1	-1
sample63	1	0	63.0	0	1	-1	-1
sample64	1	0	64.0	0	1	-1	-1
sample65	1	0	65.0	0	1	-1	-1
sample66	1	0	66.0	0	1	-1	-1
sample67	1	0	67.0	0	1	-1	-1
sample68	1	0	68.0	0	1	-1	-1
sample69	1	0	69.0	0	1	-1	-1
sample70	1	0	70.0	0	1	-1	-1
sample71	1	0	71.0	0	1	-1	-1
sample72	1	0	72.0	0	1	-1	-1
sample73	1	0	73.0	0	1	-1	-1
sample74	1	0	74.0	0	1	-1	-1
sample75	1	0	75.0	0	1	-1	-1
sample76	1	0	76.0	0	1	-1	-1
sample77	1	0	77.0	0	1	-1	-1
sample78	1	0	78.0	0	1	-1	-1
sample79	1	0	79.0	0	1	-1	-1
sample80	1	0	80.0	0	1	-1	-1
sample81	1	0	81.0	0	1	-1	-1
sample82	1	0	82.0	0	1	-1	-1
sample83	1	0	83.0	0	1	-1	-1
sample84	1	0	84.0	0	1	-1	-1
sample85	1	0	85.0	0	1	-1	-1
sample86	1	0	86.0	0	1	-1	-1
sample87	1	0	87.0	0	1	-1	-1
sample88	1	0	88.0	0	1	-1	-1
sample89	1	0	89.0	0	1	-1	-1
sample90	1	0	90.0	0	1	-1	-1
sample91	1	0	91.0	0	1	-1	-1
sample92	1	0	92.0	0	1	-1	-1
sample93	1	0	93.0	0	1	-1	-1
sample94	1	0	94.0	0	1	-1	-1
sample95	1	0	95.0	0	1	-1	-1
sample96	1	0	96.0	0	1	-1	-1
sample97	1	0	97.0	0	1	-1	-1
sample98	1	0	98.0	0	1	-1	-1
sample99	1	0	99.0	0	1	-1	-1
sample100	1	1	0.0	0	1	-1	-1
sample101	1	1	1.0	0	1	-1	-1
sample102	1	1	2.0	0	1	-1	-1
sample103	1	1	3.0	0	1	-1	-1
sample104	1	1	4.0	0	1	-1	-1
sample105	1	1	5.0	0	1	-1	-1
sample106	1	1	6.0	0	1	-1	-1
sample107	1	1	7.0	0	1	-1	-1
sample108	1	1	8.0	0	1	-1	-1
sample109	1	1	9.0	0	1	-1	-1
sample110	1	1	10.0	0	1	-1	-1
sample111	1	1	11.0	0	1	-1	-1
sample112	1	1	12.0	0	1	-1	-1
sample113	1	1	13.0	0	1	-1	-1
sample114	1	1	14.0	0	1	-1	-1
sample115	1	1	15.0	0	1	-1	-1
sample116	1	1	16.0	0	1	-1	-1
sample117	1	1	17.0	0	1	-1	-1
sample118	1	1	18.0	0	1	-1	-1
sample119	1	1	19.0	0	1	-1	-1
sample120	1	1	20.0	0	1	-1	-1
sample121	1	1	21.0	0	1	-1	-1
sample122	1	1	22.0	0	1	-1	-1
sample123	1	1	23.0	0	1	-1	-1
sample124	1	1	24.0	0	1	-1	-1
sample125	1	1	25.0	0	1	-1	-1
sample126	1	1	26.0	0	1	-1	-1
sample127	1	1	27.0	0	1	-1	-1
sample128	1	1	28.0	0	1	-1	-1
sample129	1	1	29.0	0	1	-1	-1
sample130	1	1	30.0	0	1	-1	-1
sample131	1	1	31.0	0	1	-1	-1
sample132	1	1	32.0	0	1	-1	-1
sample133	1	1	33.0	0	1	-1	-1
sample134	1	1	34.0	0	1	-1	-1
sample135	1	1	35.0	0	1	-1	-1
sample136	1	1	36.0	0	1	-1	-1
sample137	1	1	37.0	0	1	-1	-1
sample138	1	1	38.0	0	1	-1	-1
sample139	1	1	39.0	0	1	-1	-1
sample140	1	1	40.0	0	1	-1	-1
sample141	1	1	41.0	0	1	-1	-1
sample142	1	1	42.0	0	1	-1	-1
sample143	1	1	43.0	0	1	-1	-1
sample144	1	1	44.0	0	1	-1	-1
sample145	1	1	45.0	0	1	-1	-1
sample146	1	1	46.0	0	1	-1	-1
sample147	1	1	47.0	0	1	-1	-1
sample148	1	1	48.0	0	1	-1	-1
sample149	1	1	49.0	0	1	-1	-1
sample150	1	1	50.0	0	1	-1	-1
sample151	1	1	51.0	0	1	-1	-1
sample152	1	1	52.0	0	1	-1	-1
sample153	1	1	53.0	0	1	-1	-1
sample154	1	1	54.0	0	1	-1	-1
sample155	1	1	55.0	0	1	-1	-1
sample156	1	1	56.0	0	1	-1	-1
sample157	1	1	57.0	0	1	-1	-1
sample158	1	1	58.0	0	1	-1	-1
sample159	1	1	59.0	0	1	-1	-1
sample160	1	1	60.0	0	1	-1	-1
sample161	1	1	61.0	0	1	-1	-1
sample162	1	1	62.0	0	1	-1	-1
sample163	1	1	63.0	0	1	-1	-1
sample164	1	1	64.0	0	1	-1	-1
sample165	1	1	65.0	0	1	-1	-1
sample166	1	1	66.0	0	1	-1	-1
sample167	1	1	67.0	0	1	-1	-1
sample168	1	1	68.0	0	1	-1	-1
sample169	1	1	69.0	0	1	-1	-1
sample170	1	1	70.0	0	1	-1	-1
sample171	1	1	71.0	0	1	-1	-1
sample172	1	1	72.0	0	1	-1	-1
sample173	1	1	73.0	0	1	-1	-1
sample174	1	1	74.0	0	1	-1	-1
sample175	1	1	75.0	0	1	-1	-1
sample176	1	1	76.0	0	1	-1	-1
sample177	1	1	77.0	0	1	-1	-1
sample178	1	1	78.0	0	1	-1	-1
sample179	1	1	79.0	0	1	-1	-1
sample180	1	1	80.0	0	1	-1	-1
sample181	1	1	81.0	0	1	-1	-1
sample182	1	1	82.0	0	1	-1	-1
sample183	1	1	83.0	0	1	-1	-1
sample184	1	1	84.0	0	1	-1	-1
sample185	1	1	85.0	0	1	-1	-1
sample186	1	1	86.0	0	1	-1	-1
sample187	1	1	87.0	0	1	-1	-1
sample188	1	1	88.0	0	1	-1	-1
sample189	1	1	89.0	0	1	-1	-1
sample190	1	1	90.0	0	1	-1	-1
sample191	1	1	91.0	0	1	-1	-1
sample192	1	1	92.0	0	1	-1	-1
sample193	1	1	93.0	0	1	-1	-1
sample194	1	1	94.0	0	1	-1	-1
sample195	1	1	95.0	0	1	-1	-1
sample196	1	1	96.0	0	1	-1	-1
sample197	1	1	97.0	0	1	-1	-1
sample198	1	1	98.0	0	1	-1	-1
sample199	1	1	99.0	0	1	-1	-1
sample200	1	2	0.0	0	1	-1	-1
sample201	1	2	1.0	0	1	-1	-1
sample202	1	2	2.0	0	1	-1	-1
sample203	1	2	3.0	0	1	-1	-1
sample204	1	2	4.0	0	1	-1	-1
sample205	1	2	5.0	0	1	-1	-1
sample206	1	2	6.0	0	1	-1	-1
sample207	1	2	7.0	0	1	-1	-1
sample208	1	2	8.0	0	1	-1	-1
sample209	1	2	9.0	0	1	-1	-1
sample210	1	2	10.0	0	1	-1	-1
sample211	1	2	11.0	0	1	-1	-1
sample212	1	2	12.0	0	1	-1	-1
sample213	1	2	13.0	0	1	-1	-1
sample214	1	2	14.0	0	1	-1	-1
sample215	1	2	15.0	0	1	-1	-1
sample216	1	2	16.0	0	1	-1	-1
sample217	1	2	17.0	0	1	-1	-1
sample218	1	2	18.0	0	1	-1	-1
sample219	1	2	19.0	0	1	-1	-1
sample220	1	2	20.0	0	1	-1	-1
sample221	1	2	21.0	0	1	-1	-1
sample222	1	2	22.0	0	1	-1	-1
sample223	1	2	23.0	0	1	-1	-1
sample224	1	2	24.0	0	1	-1	-1
sample225	1	2	25.0	0	1	-1	-1
sample226	1	2	26.0	0	1	-1	-1
sample227	1	2	27.0	0	1	-1	-1
sample228	1	2	28.0	0	1	-1	-1
sample229	1	2	29.0	0	1	-1	-1
sample230	1	2	30.0	0	1	-1	-1
sample231	1	2	31.0	0	1	-1	-1
sample232	1	2	32.0	0	1	-1	-1
sample233	1	2	33.0	0	1	-1	-1
sample234	1	2	34.0	0	1	-1	-1
sample235	1	2	35.0	0	1	-1	-1
sample236	1	2	36.0	0	1	-1	-1
sample237	1	2	37.0	0	1	-1	-1
sample238	1	2	38.0	0	1	-1	-1
sample239	1	2	39.0	0	1	-1	-1
sample240	1	2	40.0	0	1	-1	-1
sample241	1	2	41.0	0	1	-1	-1
sample242	1	2	42.0	0	1	-1	-1
sample243	1	2	43.0	0	1	-1	-1
sample244	1	2	44.0	0	1	-1	-1
sample245	1	2	45.0	0	1	-1	-1
sample246	1	2	46.0	0	1	-1	-1
sample247	1	2	47.0	0	1	-1	-1
sample248	1	2	48.0	0	1	-1	-1
sample249	1	2	49.0	0	1	-1	-1
sample250	1	2	50.0	0	1	-1	-1
sample251	1	2	51.0	0	1	-1	-1
sample252	1	2	52.0	0	1	-1	-1
sample253	1	2	53.0	0	1	-1	-1
sample254	1	2	54.0	0	1	-1	-1
sample255	1	2	55.0	0	1	-1	-1
sample256	1	2	56.0	0	1	-1	-1
sample257	1	2	57.0	0	1	-1	-1
sample258	1	2	58.0	0	1	-1	-1
sample259	1	2	59.0	0	1	-1	-1
sample260	1	2	60.0	0	1	-1	-1
sample261	1	2	61.0	0	1	-1	-1
sample262	1	2	62.0	0	1	-1	-1
sample263	1	2	63.0	0	1	-1	-1
sample264	1	2	64.0	0	1	-1	-1
sample265	1	2	65.0	0	1	-1	-1
sample266	1	2	66.0	0	1	-1	-1
sample267	1	2	67.0	0	1	-1	-1
sample268	1	2	68.0	0	1	-1	-1
sample269	1	2	69.0	0	1	-1	-1
sample270	1	2	70.0	0	1	-1	-1
sample271	1	2	71.0	0	1	-1	-1
sample272	1	2	72.0	0	1	-1	-1
sample273	1	2	73.0	0	1	-1	-1
sample274	1	2	74.0	0	1	-1	-1
sample275	1	2	75.0	0	1	-1	-1
sample276	1	2	76.0	0	1	-1	-1
sample277	1	2	77.0	0	1	-1	-1
sample278	1	2	78.0	0	1	-1	-1
sample279	1	2	79.0	0	1	-1	-1
sample280	1	2	80.0	0	1	-1	-1
sample281	1	2	81.0	0	1	-1	-1
sample282	1	2	82.0	0	1	-1	-1
sample283	1	2	83.0	0	1	-1	-1
sample284	1	2	84.0	0	1	-1	-1
sample285	1	2	85.0	0	1	-1	-1
sample286	1	2	86.0	0	1	-1	-1
sample287	1	2	87.0	0	1	-1	-1
sample288	1	2	88.0	0	1	-1	-1
sample289	1	2	89.0	0	1	-1	-1
sample290	1	2	90.0	0	1	-1	-1
sample291	1	2	91.0	0	1	-1	-1
sample292	1	2	92.0	0	1	-1	-1
sample293	1	2	93.0	0	1	-1	-1
sample294	1	2	94.0	0	1	-1	-1
sample295	1	2	95.0	0	1	-1	-1
sample296	1	2	96.0	0	1	-1	-1
sample297	1	2	97.0	0	1	-1	-1
sample298	1	2	98.0	0	1	-1	-1
sample299	1	2	99.0	0	1	-1	-1
sample300	1	3	0.0	0	1	-1	-1
sample301	1	3	1.0	0	1	-1	-1
sample302	1	3	2.0	0	1	-1	-1
sample303	1	3	3.0	0	1	-1	-1
sample304	1	3	4.0	0	1	-1	-1
sample305	1	3	5.0	0	1	-1	-1
sample306	1	3	6.0	0	1	-1	-1
sample307	1	3	7.0	0	1	-1	-1
sample308	1	3	8.0	0	1	-1	-1
sample309	1	3	9.0	0	1	-1	-1
sample310	1	3	10.0	0	1	-1	-1
sample311	1	3	11.0	0	1	-1	-1
sample312	1	3	12.0	0	1	-1	-1
sample313	1	3	13.0	0	1	-1	-1
sample314	1	3	14.0	0	1	-1	-1
sample315	1	3	15.0	0	1	-1	-1
sample316	1	3	16.0	0	1	-1	-1
sample317	1	3	17.0	0	1	-1	-1
sample318	1	3	18.0	0	1	-1	-1
sample319	1	3	19.0	0	1	-1	-1
sample320	1	3	20.0	0	1	-1	-1
sample321	1	3	21.0	0	1	-1	-1
sample322	1	3	22.0	0	1	-1	-1
sample323	1	3	23.0	0	1	-1	-1
sample324	1	3	24.0	0	1	-1	-1
sample325	1	3	25.0	0	1	-1	-1
sample326	1	3	26.0	0	1	-1	-1
sample327	1	3	27.0	0	1	-1	-1
sample328	1	3	28.0	0	1	-1	-1
sample329	1	3	29.0	0	1	-1	-1
sample330	1	3	30.0	0	1	-1	-1
sample331	1	3	31.0	0	1	-1	-1
sample332	1	3	32.0	0	1	-1	-1
sample333	1	3	33.0	0	1	-1	-1
sample334	1	3	34.0	0	1	-1	-1
sample335	1	3	35.0	0	1	-1	-1
sample336	1	3	36.0	0	1	-1	-1
sample337	1	3	37.0	0	1	-1	-1
sample338	1	3	38.0	0	1	-1	-1
sample339	1	3	39.0	0	1	-1	-1
sample340	1	3	40.0	0	1	-1	-1
sample341	1	3	41.0	0	1	-1	-1
sample342	1	3	42.0	0	1	-1	-1
sample343	1	3	43.0	0	1	-1	-1
sample344	1	3	44.0	0	1	-1	-1
sample345	1	3	45.0	0	1	-1	-1
sample346	1	3	46.0	0	1	-1	-1
sample347	1	3	47.0	0	1	-1	-1
sample348	1	3	48.0	0	1	-1	-1
sample349	1	3	49.0	0	1	-1	-1
sample350	1	3	50.0	0	1	-1	-1
sample351	1	3	51.0	0	1	-1	-1
sample352	1	3	52.0	0	1	-1	-1
sample353	1	3	53.0	0	1	-1	-1
sample354	1	3	54.0	0	1	-1	-1
sample355	1	3	55.0	0	1	-1	-1
sample356	1	3	56.0	0	1	-1	-1
sample357	1	3	57.0	0	1	-1	-1
sample358	1	3	58.0	0	1	-1	-1
sample359	1	3	59.0	0	1	-1	-1
sample360	1	3	60.0	0	1	-1	-1
sample361	1	3	61.0	0	1	-1	-1
sample362	1	3	62.0	0	1	-1	-1
sample363	1	3	63.0	0	1	-1	-1
sample364	1	3	64.0	0	1	-1	-1
sample365	1	3	65.0	0	1	-1	-1
sample366	1	3	66.0	0	1	-1	-1
sample367	1	3	67.0	0	1	-1	-1
sample368	1	3	68.0	0	1	-1	-1
sample369	1	3	69.0	0	1	-1	-1
sample370	1	3	70.0	0	1	-1	-1
sample371	1	3	71.0	0	1	-1	-1
sample372	1	3	72.0	0	1	-1	-1
sample373	1	3	73.0	0	1	-1	-1
sample374	1	3	74.0	0	1	-1	-1
sample375	1	3	75.0	0	1	-1	-1
sample376	1	3	76.0	0	1	-1	-1
sample377	1	3	77.0	0	1	-1	-1
sample378	1	3	78.0	0	1	-1	-1
sample379	1	3	79.0	0	1	-1	-1
sample380	1	3	80.0	0	1	-1	-1
sample381	1	3	81.0	0	1	-1	-1
sample382	1	3	82.0	0	1	-1	-1
sample383	1	3	83.0	0	1	-1	-1
sample384	1	3	84.0	0	1	-1	-1
sample385	1	3	85.0	0	1	-1	-1
sample386	1	3	86.0	0	1	-1	-1
sample387	1	3	87.0	0	1	-1	-1
sample388	1	3	88.0	0	1	-1	-1
sample389	1	3	89.0	0	1	-1	-1
sample390	1	3	90.0	0	1	-1	-1
sample391	1	3	91.0	0	1	-1	-1
sample392	1	3	92.0	0	1	-1	-1
sample393	1	3	93.0	0	1	-1	-1
sample394	1	3	94.0	0	1	-1	-1
sample395	1	3	95.0	0	1	-1	-1
sample396	1	3	96.0	0	1	-1	-1
sample397	1	3	97.0	0	1	-1	-1
sample398	1	3	98.0	0	1	-1	-1
sample399	1	3	99.0	0	1	-1	-1
sample400	1	4	0.0	0	1	-1	-1
sample401	1	4	1.0	0	1	-1	-1
sample402	1	4	2.0	0	1	-1	-1
sample403	1	4	3.0	0	1	-1	-1
sample404	1	4	4.0	0	1	-1	-1
sample405	1	4	5.0	0	1	-1	-1
sample406	1	4	6.0	0	1	-1	-1
sample407	1	4	7.0	0	1	-1	-1
sample408	1	4	8.0	0	1	-1	-1
sample409	1	4	9.0	0	1	-1	-1
sample410	1	4	10.0	0	1	-1	-1
sample411	1	4	11.0	0	1	-1	-1
sample412	1	4	12.0	0	1	-1	-1
sample413	1	4	13.0	0	1	-1	-1
sample414	1	4	14.0	0	1	-1	-1
sample415	1	4	15.0	0	1	-1	-1
sample416	1	4	16.0	0	1	-1	-1
sample417	1	4	17.0	0	1	-1	-1
sample418	1	4	18.0	0	1	-1	-1
sample419	1	4	19.0	0	1	-1	-1
sample420	1	4	20.0	0	1	-1	-1
sample421	1	4	21.0	0	1	-1	-1
sample422	1	4	22.0	0	1	-1	-1
sample423	1	4	23.0	0	1	-1	-1
sample424	1	4	24.0	0	1	-1	-1
sample425	1	4	25.0	0	1	-1	-1
sample426	1	4	26.0	0	1	-1	-1
sample427	1	4	27.0	0	1	-1	-1
sample428	1	4	28.0	0	1	-1	-1
sample429	1	4	29.0	0	1	-1	-1
sample430	1	4	30.0	0	1	-1	-1
sample431	1	4	31.0	0	1	-1	-1
sample432	1	4	32.0	0	1	-1	-1
sample433	1	4	33.0	0	1	-1	-1
sample434	1	4	34.0	0	1	-1	-1
sample435	1	4	35.0	0	1	-1	-1
sample436	1	4	36.0	0	1	-1	-1
sample437	1	4	37.0	0	1	-1	-1
sample438	1	4	38.0	0	1	-1	-1
sample439	1	4	39.0	0	1	-1	-1
sample440	1	4	40.0	0	1	-1	-1
sample441	1	4	41.0	0	1	-1	-1
sample442	1	4	42.0	0	1	-1	-1
sample443	1	4	43.0	0	1	-1	-1
sample444	1	4	44.0	0	1	-1	-1
sample445	1	4	45.0	0	1	-1	-1
sample446	1	4	46.0	0	1	-1	-1
sample447	1	4	47.0	0	1	-1	-1
sample448	1	4	48.0	0	1	-1	-1
sample449	1	4	49.0	0	1	-1	-1
sample450	1	4	50.0	0	1	-1	-1
sample451	1	4	51.0	0	1	-1	-1
sample452	1	4	52.0	0	1	-1	-1
sample453	1	4	53.0	0	1	-1	-1
sample454	1	4	54.0	0	1	-1	-1
sample455	1	4	55.0	0	1	-1	-1
sample456	1	4	56.0	0	1	-1	-1
sample457	1	4	57.0	0	1	-1	-1
sample458	1	4	58.0	0	1	-1	-1
sample459	1	4	59.0	0	1	-1	-1
sample460	1	4	60.0	0	1	-1	-1
sample461	1	4	61.0	0	1	-1	-1
sample462	1	4	62.0	0	1	-1	-1
sample463	1	4	63.0	0	1	-1	-1
sample464	1	4	64.0	0	1	-1	-1
sample465	1	4	65.0	0	1	-1	-1
sample466	1	4	66.0	0	1	-1	-1
sample467	1	4	67.0	0	1	-1	-1
sample468	1	4	68.0	0	1	-1	-1
sample469	1	4	69.0	0	1	-1	-1
sample470	1	4	70.0	0	1	-1	-1
sample471	1	4	71.0	0	1	-1	-1
sample472	1	4	72.0	0	1	-1	-1
sample473	1	4	73.0	0	1	-1	-1
sample474	1	4	74.0	0	1	-1	-1
sample475	1	4	75.0	0	1	-1	-1
sample476	1	4	76.0	0	1	-1	-1
sample477	1	4	77.0	0	1	-1	-1
sample478	1	4	78.0	0	1	-1	-1
sample479	1	4	79.0	0	1	-1	-1
sample480	1	4	80.0	0	1	-1	-1
sample481	1	4	81.0	0	1	-1	-1
sample482	1	4	82.0	0	1	-1	-1
sample483	1	4	83.0	0	1	-1	-1
sample484	1	4	84.0	0	1	-1	-1
sample485	1	4	85.0	0	1	-1	-1
sample486	1	4	86.0	0	1	-1	-1
sample487	1	4	87.0	0	1	-1	-1
sample488	1	4	88.0	0	1	-1	-1
sample489	1	4	89.0	0	1	-1	-1
sample490	1	4	90.0	0	1	-1	-1
sample491	1	4	91.0	0	1	-1	-1
sample492	1	4	92.0	0	1	-1	-1
sample493	1	4	93.0	0	1	-1	-1
sample494	1	4	94.0	0	1	-1	-1
sample495	1	4	95.0	0	1	-1	-1
sample496	1	4	96.0	0	1	-1	-1
sample497	1	4	97.0	0	1	-1	-1
sample498	1	4	98.0	0	1	-1	-1
sample499	1	4	99.0	0	1	-1	-1
sample500	1	5	0.0	0	1	-1	-1
sample501	1	5	1.0	0	1	-1	-1
sample502	1	5	2.0	0	1	-1	-1
sample503	1	5	3.0	0	1	-1	-1
sample504	1	5	4.0	0	1	-1	-1
sample505	1	5	5.0	0	1	-1	-1
sample506	1	5	6.0	0	1	-1	-1
sample507	1	5	7.0	0	1	-1	-1
sample508	1	5	8.0	0	1	-1	-1
sample509	1	5	9.0	0	1	-1	-1
sample510	1	5	10.0	0	1	-1	-1
sample511	1	5	11.0	0	1	-1	-1
sample512	1	5	12.0	0	1	-1	-1
sample513	1	5	13.0	0	1	-1	-1
sample514	1	5	14.0	0	1	-1	-1
sample515	1	5	15.0	0	1	-1	-1
sample516	1	5	16.0	0	1	-1	-1
sample517	1	5	17.0	0	1	-1	-1
sample518	1	5	18.0	0	1	-1	-1
sample519	1	5	19.0	0	1	-1	-1
sample520	1	5	20.0	0	1	-1	-1
sample521	1	5	21.0	0	1	-1	-1
sample522	1	5	22.0	0	1	-1	-1
sample523	1	5	23.0	0	1	-1	-1
sample524	1	5	24.0	0	1	-1	-1
sample525	1	5	25.0	0	1	-1	-1
sample526	1	5	26.0	0	1	-1	-1
sample527	1	5	27.0	0	1	-1	-1
sample528	1	5	28.0	0	1	-1	-1
sample529	1	5	29.0	0	1	-1	-1
sample530	1	5	30.0	0	1	-1	-1
sample531	1	5	31.0	0	1	-1	-1
sample532	1	5	32.0	0	1	-1	-1
sample533	1	5	33.0	0	1	-1	-1
sample534	1	5	34.0	0	1	-1	-1
sample535	1	5	35.0	0	1	-1	-1
sample536	1	5	36.0	0	1	-1	-1
sample537	1	5	37.0	0	1	-1	-1
sample538	1	5	38.0	0	1	-1	-1
sample539	1	5	39.0	0	1	-1	-1
sample540	1	5	40.0	0	1	-1	-1
sample541	1	5	41.0	0	1	-1	-1
sample542	1	5	42.0	0	1	-1	-1
sample543	1	5	43.0	0	1	-1	-1
sample544	1	5	44.0	0	1	-1	-1
sample545	1	5	45.0	0	1	-1	-1
sample546	1	5	46.0	0	1	-1	-1
sample547	1	5	47.0	0	1	-1	-1
sample548	1	5	48.0	0	1	-1	-1
sample549	1	5	49.0	0	1	-1	-1
sample550	1	5	50.0	0	1	-1	-1
sample551	1	5	51.0	0	1	-1	-1
sample552	1	5	52.0	0	1	-1	-1
sample553	1	5	53.0	0	1	-1	-1
sample554	1	5	54.0	0	1	-1	-1
sample555	1	5	55.0	0	1	-1	-1
sample556	1	5	56.0	0	1	-1	-1
sample557	1	5	57.0	0	1	-1	-1
sample558	1	5	58.0	0	1	-1	-1
sample559	1	5	59.0	0	1	-1	-1
sample560	1	5	60.0	0	1	-1	-1
sample561	1	5	61.0	0	1	-1	-1
sample562	1	5	62.0	0	1	-1	-1
sample563	1	5	63.0	0	1	-1	-1
sample564	1	5	64.0	0	1	-1	-1
sample565	1	5	65.0	0	1	-1	-1
sample566	1	5	66.0	0	1	-1	-1
sample567	1	5	67.0	0	1	-1	-1
sample568	1	5	68.0	0	1	-1	-1
sample569	1	5	69.0	0	1	-1	-1
sample570	1	5	70.0	0	1	-1	-1
sample571	1	5	71.0	0	1	-1	-1
sample572	1	5	72.0	0	1	-1	-1
sample573	1	5	73.0	0	1	-1	-1
sample574	1	5	74.0	0	1	-1	-1
sample575	1	5	75.0	0	1	-1	-1
sample576	1	5	76.0	0	1	-1	-1
sample577	1	5	77.0	0	1	-1	-1
sample578	1	5	78.0	0	1	-1	-1
sample579	1	5	79.0	0	1	-1	-1
sample580	1	5	80.0	0	1	-1	-1
sample581	1	5	81.0	0	1	-1	-1
sample582	1	5	82.0	0	1	-1	-1
sample583	1	5	83.0	0	1	-1	-1
sample584	1	5	84.0	0	1	-1	-1
sample585	1	5	85.0	0	1	-1	-1
sample586	1	5	86.0	0	1	-1	-1
sample587	1	5	87.0	0	1	-1	-1
sample588	1	5	88.0	0	1	-1	-1
sample589	1	5	89.0	0	1	-1	-1
sample590	1	5	90.0	0	1	-1	-1
sample591	1	5	91.0	0	1	-1	-1
sample592	1	5	92.0	0	1	-1	-1
sample593	1	5	93.0	0	1	-1	-1
sample594	1	5	94.0	0	1	-1	-1
sample595	1	5	95.0	0	1	-1	-1
sample596	1	5	96.0	0	1	-1	-1
sample597	1	5	97.0	0	1	-1	-1
sample598	1	5	98.0	0	1	-1	-1
sample599	1	5	99.0	0	1	-1	-1
sample600	1	6	0.0	0	1	-1	-1
sample601	1	6	1.0	0	1	-1	-1
sample602	1	6	2.0	0	1	-1	-1
sample603	1	6	3.0	0	1	-1	-1
sample604	1	6	4.0	0	1	-1	-1
sample605	1	6	5.0	0	1	-1	-1
sample606	1	6	6.0	0	1	-1	-1
sample607	1	6	7.0	0	1	-1	-1
sample608	1	6	8.0	0	1	-1	-1
sample609	1	6	9.0	0	1	-1	-1
sample610	1	6	10.0	0	1	-1	-1
sample611	1	6	11.0	0	1	-1	-1
sample612	1	6	12.0	0	1	-1	-1
sample613	1	6	13.0	0	1	-1	-1
sample614	1	6	14.0	0	1	-1	-1
sample615	1	6	15.0	0	1	-1	-1
sample616	1	6	16.0	0	1	-1	-1
sample617	1	6	17.0	0	1	-1	-1
sample618	1	6	18.0	0	1	-1	-1
sample619	1	6	19.0	0	1	-1	-1
sample620	1	6	20.0	0	1	-1	-1
sample621	1	6	21.0	0	1	-1	-1
sample622	1	6	22.0	0	1	-1	-1
sample623	1	6	23.0	0	1	-1	-1
sample624	1	6	24.0	0	1	-1	-1
sample625	1	6	25.0	0	1	-1	-1
sample626	1	6	26.0	0	1	-1	-1
sample627	1	6	27.0	0	1	-1	-1
sample628	1	6	28.0	0	1	-1	-1
sample629	1	6	29.0	0	1	-1	-1
sample630	1	6	30.0	0	1	-1	-1
sample631	1	6	31.0	0	1	-1	-1
sample632	1	6	32.0	0	1	-1	-1
sample633	1	6	33.0	0	1	-1	-1
sample634	1	6	34.0	0	1	-1	-1
sample635	1	6	35.0	0	1	-1	-1
sample636	1	6	36.0	0	1	-1	-1
sample637	1	6	37.0	0	1	-1	-1
sample638	1	6	38.0	0	1	-1	-1
sample639	1	6	39.0	0	1	-1	-1
sample640	1	6	40.0	0	1	-1	-1
sample641	1	6	41.0	0	1	-1	-1
sample642	1	6	42.0	0	1	-1	-1
sample643	1	6	43.0	0	1	-1	-1
sample644	1	6	44.0	0	1	-1	-1
sample645	1	6	45.0	0	1	-1	-1
sample646	1	6	46.0	0	1	-1	-1
sample647	1	6	47.0	0	1	-1	-1
sample648	1	6	48.0	0	1	-1	-1
sample649	1	6	49.0	0	1	-1	-1
sample650	1	6	50.0	0	1	-1	-1
sample651	1	6	51.0	0	1	-1	-1
sample652	1	6	52.0	0	1	-1	-1
sample653	1	6	53.0	0	1	-1	-1
sample654	1	6	54.0	0	1	-1	-1
sample655	1	6	55.0	0	1	-1	-1
sample656	1	6	56.0	0	1	-1	-1
sample657	1	6	57.0	0	1	-1	-1
sample658	1	6	58.0	0	1	-1	-1
sample659	1	6	59.0	0	1	-1	-1
sample660	1	6	60.0	0	1	-1	-1
sample661	1	6	61.0	0	1	-1	-1
sample662	1	6	62.0	0	1	-1	-1
sample663	1	6	63.0	0	1	-1	-1
sample664	1	6	64.0	0	1	-1	-1
sample665	1	6	65.0	0	1	-1	-1
sample666	1	6	66.0	0	1	-1	-1
sample667	1	6	67.0	0	1	-1	-1
sample668	1	6	68.0	0	1	-1	-1
sample669	1	6	69.0	0	1	-1	-1
sample670	1	6	70.0	0	1	-1	-1
sample671	1	6	71.0	0	1	-1	-1
sample672	1	6	72.0	0	1	-1	-1
sample673	1	6	73.0	0	1	-1	-1
sample674	1	6	74.0	0	1	-1	-1
sample675	1	6	75.0	0	1	-1	-1
sample676	1	6	76.0	0	1	-1	-1
sample677	1	6	77.0	0	1	-1	-1
sample678	1	6	78.0	0	1	-1	-1
sample679	1	6	79.0	0	1	-1	-1
sample680	1	6	80.0	0	1	-1	-1
sample681	1	6	81.0	0	1	-1	-1
sample682	1	6	82.0	0	1	-1	-1
sample683	1	6	83.0	0	1	-1	-1
sample684	1	6	84.0	0	1	-1	-1
sample685	1	6	85.0	0	1	-1	-1
sample686	1	6	86.0	0	1	-1	-1
sample687	1	6	87.0	0	1	-1	-1
sample688	1	6	88.0	0	1	-1	-1
sample689	1	6	89.0	0	1	-1	-1
sample690	1	6	90.0	0	1	-1	-1
sample691	1	6	91.0	0	1	-1	-1
sample692	1	6	92.0	0	1	-1	-1
sample693	1	6	93.0	0	1	-1	-1
sample694	1	6	94.0	0	1	-1	-1
sample695	1	6	95.0	0	1	-1	-1
sample696	1	6	96.0	0	1	-1	-1
sample697	1	6	97.0	0	1	-1	-1
sample698	1	6	98.0	0	1	-1	-1
sample699	1	6	99.0	0	1	-1	-1
